k1 = 0.0026 
k2 = 0.056 
k3 = 0.0026 
k4 = 0.0026 
k5 = 0.056 
k6 = 0.002 
k7 = 0.016 
k8 = 0.002 
k9 = 0.016 
k10 = 0.002 
k11 = 0.016 
k12 = 0.002 
k13 = 0.016 
k14 = 0.014747 
k15 = 0.014747 
k16 = 0.000404 
k17 = 0.007 
k18 = 9.75e-05 
k19 = 4.875e-05 
k20 = 0.00047 
k21 = 0.00047 
k22 = 1 
k23 = 0.00555 
k24 = 0.00047 
k25 = 0.0047 
k26 = 0.00555 
k27 = 0.00055 
k28 = 0.00555 
k29 = 0.00055 
k30 = 0.00055 
k31 = 0.002 
k32 = 0.0052 
k33 = 0.016 
k34 = 0.016 
k35 = 0.016 
k36 = 1 
k37 = 10 
k38 = 10 
k39 = 10 
k40 = 178.2 
k41 = 101.6 