k1 = 0.0012 
k2 = 0.01 
k3 = 1 
k4 = 0.1 
k5 = 20 
k6 = 60 
k7 = 2040 
k8 = 40.8 
k9 = 0.0154 
k10 = 0.222 
k11 = 0.289 
k12 = 1.53 
k13 = 0.00673 
k14 = 3.5 
k15 = 0.058 
k16 = 2.9 
k17 = 0.3 
k18 = 0.058 
k19 = 9.5 
k20 = 16 
k21 = 0.27 
k22 = 0.1 
k23 = 9.85 
k24 = 45.8 
k25 = 16.9 
k26 = 2620 
k27 = 17000 
k28 = 507 
k29 = 20000 
k30 = 0.107 
k31 = 20000 
k32 = 0.211 
k33 = 0.001 
k34 = 0.00076 
k35 = 0.1 
k36 = 0.01 
k37 = 50 
k38 = 1 
k39 = 5 
k40 = 546 
k41 = 15700 
k42 = 0.0001 
k43 = 340 
k44 = 0.181 
k45 = 0.0571 
k46 = 11.7 
k47 = 8.07 
k48 = 317 
k49 = 60 
k50 = 146000 
k51 = 160 
k52 = 146000 
k53 = 60 
k54 = 2 
k55 = 0.0985 
k56 = 0.047 
k57 = 3680 
k58 = 39.1 
k59 = 9.02 
k60 = 80000 
k61 = 4.35 
k62 = 80000 
k63 = 12 
k64 = 0.0001 
k65 = 62.5 
k66 = 317 
k67 = 2200 
k68 = 234 
k69 = 1 
k70 = 1 
k71 = 1 
k72 = 1 
k73 = 1 
k74 = 1 
k75 = 1 
k76 = 7 
k77 = 2.4 
k78 = 11.4 
k79 = 10 
k80 = 800 
k81 = 10 
k82 = 1000 
k83 = 120 
k84 = 100 
k85 = 120 
k86 = 10 
k87 = 1000 
k88 = 330 
k89 = 80